# Date:           2013-08-15T18:00:24.536560
# Device:         pna
# LOG file:       test.log
# Frequency band: +2.80000000000E+010 : +3.00000000000E+010
# Freq points:    +201
# Parameters:     "CH1_S11_1,S21,CH1_S21_2,S21,CH1_S21_3,S11,CH1_S22_4,S22,msrmnt342440273,S11"
# RepRap points:  X Points:   2   |   Y Points:   2   |   Z Points:   2
# Resolution:     5.0
# Volume:         8
# PNA idn:        Agilent Technologies,N5230C,MY49001380,A.09.42.18
# Format in file: |   Reprap points   |   PNA data   |
#                 |      x  y  z      |    data      |
Frequencies:
+2.80000000000E+010,+2.80100000000E+010,+2.80200000000E+010,+2.80300000000E+010,+2.80400000000E+010,+2.80500000000E+010,+2.80600000000E+010,+2.80700000000E+010,+2.80800000000E+010,+2.80900000000E+010,+2.81000000000E+010,+2.81100000000E+010,+2.81200000000E+010,+2.81300000000E+010,+2.81400000000E+010,+2.81500000000E+010,+2.81600000000E+010,+2.81700000000E+010,+2.81800000000E+010,+2.81900000000E+010,+2.82000000000E+010,+2.82100000000E+010,+2.82200000000E+010,+2.82300000000E+010,+2.82400000000E+010,+2.82500000000E+010,+2.82600000000E+010,+2.82700000000E+010,+2.82800000000E+010,+2.82900000000E+010,+2.83000000000E+010,+2.83100000000E+010,+2.83200000000E+010,+2.83300000000E+010,+2.83400000000E+010,+2.83500000000E+010,+2.83600000000E+010,+2.83700000000E+010,+2.83800000000E+010,+2.83900000000E+010,+2.84000000000E+010,+2.84100000000E+010,+2.84200000000E+010,+2.84300000000E+010,+2.84400000000E+010,+2.84500000000E+010,+2.84600000000E+010,+2.84700000000E+010,+2.84800000000E+010,+2.84900000000E+010,+2.85000000000E+010,+2.85100000000E+010,+2.85200000000E+010,+2.85300000000E+010,+2.85400000000E+010,+2.85500000000E+010,+2.85600000000E+010,+2.85700000000E+010,+2.85800000000E+010,+2.85900000000E+010,+2.86000000000E+010,+2.86100000000E+010,+2.86200000000E+010,+2.86300000000E+010,+2.86400000000E+010,+2.86500000000E+010,+2.86600000000E+010,+2.86700000000E+010,+2.86800000000E+010,+2.86900000000E+010,+2.87000000000E+010,+2.87100000000E+010,+2.87200000000E+010,+2.87300000000E+010,+2.87400000000E+010,+2.87500000000E+010,+2.87600000000E+010,+2.87700000000E+010,+2.87800000000E+010,+2.87900000000E+010,+2.88000000000E+010,+2.88100000000E+010,+2.88200000000E+010,+2.88300000000E+010,+2.88400000000E+010,+2.88500000000E+010,+2.88600000000E+010,+2.88700000000E+010,+2.88800000000E+010,+2.88900000000E+010,+2.89000000000E+010,+2.89100000000E+010,+2.89200000000E+010,+2.89300000000E+010,+2.89400000000E+010,+2.89500000000E+010,+2.89600000000E+010,+2.89700000000E+010,+2.89800000000E+010,+2.89900000000E+010,+2.90000000000E+010,+2.90100000000E+010,+2.90200000000E+010,+2.90300000000E+010,+2.90400000000E+010,+2.90500000000E+010,+2.90600000000E+010,+2.90700000000E+010,+2.90800000000E+010,+2.90900000000E+010,+2.91000000000E+010,+2.91100000000E+010,+2.91200000000E+010,+2.91300000000E+010,+2.91400000000E+010,+2.91500000000E+010,+2.91600000000E+010,+2.91700000000E+010,+2.91800000000E+010,+2.91900000000E+010,+2.92000000000E+010,+2.92100000000E+010,+2.92200000000E+010,+2.92300000000E+010,+2.92400000000E+010,+2.92500000000E+010,+2.92600000000E+010,+2.92700000000E+010,+2.92800000000E+010,+2.92900000000E+010,+2.93000000000E+010,+2.93100000000E+010,+2.93200000000E+010,+2.93300000000E+010,+2.93400000000E+010,+2.93500000000E+010,+2.93600000000E+010,+2.93700000000E+010,+2.93800000000E+010,+2.93900000000E+010,+2.94000000000E+010,+2.94100000000E+010,+2.94200000000E+010,+2.94300000000E+010,+2.94400000000E+010,+2.94500000000E+010,+2.94600000000E+010,+2.94700000000E+010,+2.94800000000E+010,+2.94900000000E+010,+2.95000000000E+010,+2.95100000000E+010,+2.95200000000E+010,+2.95300000000E+010,+2.95400000000E+010,+2.95500000000E+010,+2.95600000000E+010,+2.95700000000E+010,+2.95800000000E+010,+2.95900000000E+010,+2.96000000000E+010,+2.96100000000E+010,+2.96200000000E+010,+2.96300000000E+010,+2.96400000000E+010,+2.96500000000E+010,+2.96600000000E+010,+2.96700000000E+010,+2.96800000000E+010,+2.96900000000E+010,+2.97000000000E+010,+2.97100000000E+010,+2.97200000000E+010,+2.97300000000E+010,+2.97400000000E+010,+2.97500000000E+010,+2.97600000000E+010,+2.97700000000E+010,+2.97800000000E+010,+2.97900000000E+010,+2.98000000000E+010,+2.98100000000E+010,+2.98200000000E+010,+2.98300000000E+010,+2.98400000000E+010,+2.98500000000E+010,+2.98600000000E+010,+2.98700000000E+010,+2.98800000000E+010,+2.98900000000E+010,+2.99000000000E+010,+2.99100000000E+010,+2.99200000000E+010,+2.99300000000E+010,+2.99400000000E+010,+2.99500000000E+010,+2.99600000000E+010,+2.99700000000E+010,+2.99800000000E+010,+2.99900000000E+010,+3.00000000000E+010
Data:
0 0 0 -7.20687500000E+001,-7.46628600000E+001,-7.62610600000E+001,-7.79675100000E+001,-7.15329900000E+001,-7.09362200000E+001,-7.09179600000E+001,-6.88049200000E+001,-6.92526700000E+001,-7.12020400000E+001,-7.45214600000E+001,-7.44356500000E+001,-7.83909900000E+001,-7.55462800000E+001,-7.70145200000E+001,-7.48683200000E+001,-6.98438300000E+001,-6.18563300000E+001,-5.85048400000E+001,-5.87372500000E+001,-5.94496800000E+001,-5.84903400000E+001,-5.59708400000E+001,-5.37116000000E+001,-5.37827700000E+001,-5.42013700000E+001,-5.64968900000E+001,-6.38125200000E+001,-7.53783600000E+001,-7.70595700000E+001,-7.53598000000E+001,-7.06082500000E+001,-6.95595600000E+001,-6.58465400000E+001,-6.25089600000E+001,-6.06794800000E+001,-6.08013800000E+001,-6.15031700000E+001,-6.33452600000E+001,-6.82654600000E+001,-7.32237100000E+001,-7.30411800000E+001,-7.16025000000E+001,-7.66378300000E+001,-6.96607100000E+001,-6.87909200000E+001,-7.02341000000E+001,-7.12621500000E+001,-7.37973400000E+001,-7.49297900000E+001,-7.31801000000E+001,-6.95290100000E+001,-6.69717300000E+001,-6.38740600000E+001,-6.05445300000E+001,-5.70744900000E+001,-5.60500100000E+001,-5.56157200000E+001,-5.62140100000E+001,-5.66551700000E+001,-5.63717400000E+001,-5.70736400000E+001,-5.81967200000E+001,-6.00028500000E+001,-5.90337600000E+001,-5.65943900000E+001,-5.51111400000E+001,-5.52385900000E+001,-5.63904600000E+001,-5.76184900000E+001,-5.86325300000E+001,-5.97674400000E+001,-6.37332800000E+001,-6.32594800000E+001,-6.14533800000E+001,-6.07435800000E+001,-6.23673600000E+001,-6.33050400000E+001,-6.43127400000E+001,-6.34809600000E+001,-5.92659100000E+001,-5.88788100000E+001,-6.04624100000E+001,-6.27684100000E+001,-6.23390700000E+001,-6.14793900000E+001,-6.11380400000E+001,-6.15829400000E+001,-6.38587800000E+001,-6.56441700000E+001,-7.09534100000E+001,-7.60416000000E+001,-7.44917100000E+001,-7.72251200000E+001,-7.02900200000E+001,-6.48737800000E+001,-6.53578900000E+001,-6.51919400000E+001,-6.67044900000E+001,-6.64380100000E+001,-6.72030000000E+001,-6.94688500000E+001,-7.36761900000E+001,-7.25848200000E+001,-7.08232000000E+001,-7.42022600000E+001,-7.47892400000E+001,-7.70174600000E+001,-7.12205800000E+001,-6.91440500000E+001,-7.23140600000E+001,-7.32739200000E+001,-7.12577200000E+001,-7.15308500000E+001,-7.10949500000E+001,-7.14939200000E+001,-7.09239300000E+001,-7.35699900000E+001,-7.25282800000E+001,-7.23178500000E+001,-7.64813000000E+001,-7.54577600000E+001,-7.74944700000E+001,-7.30507200000E+001,-6.82300400000E+001,-6.70271700000E+001,-6.56982100000E+001,-6.94294400000E+001,-7.19496000000E+001,-6.78167700000E+001,-6.83644300000E+001,-6.54278800000E+001,-6.02020500000E+001,-5.83914000000E+001,-5.68586300000E+001,-5.63171000000E+001,-5.60179300000E+001,-5.60497100000E+001,-5.72878500000E+001,-6.26292000000E+001,-7.46621600000E+001,-6.47494300000E+001,-6.13472600000E+001,-6.00044400000E+001,-5.86206300000E+001,-5.64413700000E+001,-5.66543300000E+001,-5.87332800000E+001,-5.99534100000E+001,-6.21383100000E+001,-6.14668700000E+001,-6.31587000000E+001,-6.38425300000E+001,-6.27483900000E+001,-5.97266300000E+001,-5.86133700000E+001,-5.81501200000E+001,-5.80930900000E+001,-5.74330000000E+001,-5.90351100000E+001,-6.17488300000E+001,-6.50393600000E+001,-6.84480000000E+001,-6.88529600000E+001,-6.76011600000E+001,-6.86923700000E+001,-7.31062900000E+001,-7.59928100000E+001,-8.97133600000E+001,-7.60060300000E+001,-7.06589400000E+001,-7.08283800000E+001,-8.37594200000E+001,-7.06783700000E+001,-7.31189800000E+001,-7.43334700000E+001,-7.01556000000E+001,-7.26538700000E+001,-7.56994600000E+001,-7.08322900000E+001,-6.84429700000E+001,-6.63979200000E+001,-7.24272500000E+001,-8.30520200000E+001,-8.90981200000E+001,-8.32052500000E+001,-7.07902000000E+001,-7.07650500000E+001,-7.04819200000E+001,-6.82641500000E+001,-7.08050900000E+001,-8.11088600000E+001,-7.92606700000E+001,-7.72468000000E+001,-7.69178800000E+001,-7.52228200000E+001,-7.33131100000E+001,-7.27519800000E+001,-6.83555400000E+001,-6.74342600000E+001,-6.68535600000E+001
1 0 0 -7.15720100000E+001,-7.49692500000E+001,-7.68833900000E+001,-7.73222700000E+001,-7.41252400000E+001,-7.16750000000E+001,-6.93231000000E+001,-6.90924900000E+001,-6.91888000000E+001,-6.95678800000E+001,-7.45416400000E+001,-7.65895900000E+001,-7.95580600000E+001,-7.55526900000E+001,-7.51686600000E+001,-7.18027300000E+001,-6.87241500000E+001,-6.24644600000E+001,-5.79082300000E+001,-5.85434200000E+001,-5.91945000000E+001,-5.88741200000E+001,-5.58214600000E+001,-5.37840200000E+001,-5.39735200000E+001,-5.41975800000E+001,-5.68056900000E+001,-6.32831400000E+001,-7.63563800000E+001,-7.72200900000E+001,-7.76812200000E+001,-7.23210100000E+001,-6.86526900000E+001,-6.56150600000E+001,-6.21547800000E+001,-6.06514500000E+001,-6.09566300000E+001,-6.14554500000E+001,-6.32365500000E+001,-7.07616700000E+001,-7.24911000000E+001,-7.08677800000E+001,-7.34447000000E+001,-7.18326800000E+001,-7.05034800000E+001,-7.18202700000E+001,-6.92372300000E+001,-7.17120700000E+001,-7.30388600000E+001,-7.85780000000E+001,-7.19476400000E+001,-7.08760100000E+001,-6.68176900000E+001,-6.31844100000E+001,-5.94041100000E+001,-5.76110000000E+001,-5.57033700000E+001,-5.54683500000E+001,-5.60266400000E+001,-5.62480700000E+001,-5.61637900000E+001,-5.66614800000E+001,-5.80564900000E+001,-5.95351200000E+001,-5.90717300000E+001,-5.66760300000E+001,-5.51858600000E+001,-5.52831600000E+001,-5.64899600000E+001,-5.79271500000E+001,-5.88852500000E+001,-5.98775600000E+001,-6.30341100000E+001,-6.27812800000E+001,-6.12674600000E+001,-6.16735800000E+001,-6.19416600000E+001,-6.31791600000E+001,-6.38365800000E+001,-6.23507800000E+001,-5.91241100000E+001,-5.84788800000E+001,-6.03674900000E+001,-6.18313900000E+001,-6.22930600000E+001,-6.17132000000E+001,-6.11879400000E+001,-6.21978200000E+001,-6.32826600000E+001,-6.57728400000E+001,-7.08622100000E+001,-7.59129900000E+001,-7.41526600000E+001,-7.58427800000E+001,-6.90916700000E+001,-6.46646200000E+001,-6.51166500000E+001,-6.57849800000E+001,-6.69281100000E+001,-6.69238300000E+001,-6.66372900000E+001,-6.76444200000E+001,-7.44742300000E+001,-7.17382400000E+001,-7.06570600000E+001,-7.22140100000E+001,-7.64769100000E+001,-7.41073500000E+001,-7.18693000000E+001,-6.92564800000E+001,-7.41787300000E+001,-7.19285900000E+001,-7.10336000000E+001,-7.07779900000E+001,-7.04688900000E+001,-7.01724900000E+001,-7.06750000000E+001,-7.17891600000E+001,-7.41259500000E+001,-7.45767100000E+001,-7.59484000000E+001,-7.56893200000E+001,-7.27728800000E+001,-7.11108500000E+001,-7.06351600000E+001,-6.62895700000E+001,-6.70330600000E+001,-6.84004500000E+001,-7.15245000000E+001,-7.06164500000E+001,-6.76057800000E+001,-6.49551300000E+001,-6.10502600000E+001,-5.87921500000E+001,-5.71464400000E+001,-5.65421600000E+001,-5.61183100000E+001,-5.64676300000E+001,-5.76346000000E+001,-6.23905900000E+001,-7.69506900000E+001,-6.60442300000E+001,-6.11934700000E+001,-5.96152200000E+001,-5.85350600000E+001,-5.64752100000E+001,-5.69304200000E+001,-5.89114300000E+001,-6.01924400000E+001,-6.09721700000E+001,-6.15817900000E+001,-6.37230400000E+001,-6.26531400000E+001,-6.25903300000E+001,-5.96338600000E+001,-5.85415000000E+001,-5.86792300000E+001,-5.76708200000E+001,-5.80811200000E+001,-5.89145500000E+001,-6.10578400000E+001,-6.48616600000E+001,-6.72572400000E+001,-6.78619200000E+001,-6.65724600000E+001,-6.91645300000E+001,-7.28721800000E+001,-8.07860900000E+001,-8.10694900000E+001,-7.29807800000E+001,-7.20142400000E+001,-7.17346500000E+001,-8.11779300000E+001,-7.23578900000E+001,-7.17600100000E+001,-7.10087800000E+001,-7.03360700000E+001,-7.19932300000E+001,-7.54555800000E+001,-7.21753500000E+001,-6.66350100000E+001,-6.59457300000E+001,-7.40282100000E+001,-8.12814700000E+001,-8.80027300000E+001,-7.99384800000E+001,-6.79794800000E+001,-7.06132600000E+001,-6.94949200000E+001,-6.73481500000E+001,-7.15737500000E+001,-7.84811600000E+001,-7.69354100000E+001,-7.60503600000E+001,-7.71068300000E+001,-7.38301200000E+001,-7.34586800000E+001,-7.20577700000E+001,-6.89274300000E+001,-6.68100000000E+001,-6.93819900000E+001
0 1 0 -7.15131500000E+001,-7.52080900000E+001,-7.60588400000E+001,-7.89807200000E+001,-7.41407200000E+001,-7.04159100000E+001,-7.08448400000E+001,-6.80929200000E+001,-6.80291000000E+001,-7.11212300000E+001,-7.53642500000E+001,-7.70869800000E+001,-7.57772800000E+001,-7.36691700000E+001,-7.60904800000E+001,-7.64217200000E+001,-6.78646400000E+001,-6.24936100000E+001,-5.87259100000E+001,-5.86231300000E+001,-5.94432700000E+001,-5.85787800000E+001,-5.56744300000E+001,-5.42267600000E+001,-5.36402200000E+001,-5.39999600000E+001,-5.63617600000E+001,-6.36453900000E+001,-7.44950600000E+001,-8.07106300000E+001,-7.45625800000E+001,-7.45291400000E+001,-6.88365900000E+001,-6.50292200000E+001,-6.18043000000E+001,-6.04761400000E+001,-6.11646500000E+001,-6.17613700000E+001,-6.24453700000E+001,-6.80865900000E+001,-7.36400100000E+001,-7.29353300000E+001,-7.18870800000E+001,-7.15359600000E+001,-7.06041300000E+001,-7.11130700000E+001,-6.89318400000E+001,-7.05744700000E+001,-7.28617000000E+001,-7.59695500000E+001,-7.31029400000E+001,-7.03006500000E+001,-6.72515600000E+001,-6.31120200000E+001,-6.03266300000E+001,-5.74284900000E+001,-5.60484200000E+001,-5.56690300000E+001,-5.57146300000E+001,-5.70349100000E+001,-5.65772900000E+001,-5.68183400000E+001,-5.81298200000E+001,-6.00340300000E+001,-5.86987500000E+001,-5.63997500000E+001,-5.51297100000E+001,-5.55143200000E+001,-5.63387500000E+001,-5.74292300000E+001,-5.86965700000E+001,-5.96971200000E+001,-6.35990800000E+001,-6.34656600000E+001,-6.17669000000E+001,-6.10807000000E+001,-6.23015700000E+001,-6.26790800000E+001,-6.34447600000E+001,-6.24626800000E+001,-5.89980200000E+001,-5.90661200000E+001,-6.02737800000E+001,-6.29003000000E+001,-6.18517300000E+001,-6.16482100000E+001,-6.13757400000E+001,-6.19927700000E+001,-6.31545900000E+001,-6.54174300000E+001,-6.97341400000E+001,-7.68842100000E+001,-7.29321500000E+001,-7.36464500000E+001,-6.98281300000E+001,-6.45317600000E+001,-6.49633900000E+001,-6.65122500000E+001,-6.67488600000E+001,-6.62740200000E+001,-6.67764100000E+001,-6.81545600000E+001,-7.32953300000E+001,-7.45077500000E+001,-7.14687500000E+001,-7.19969100000E+001,-7.47632800000E+001,-7.83517900000E+001,-7.06416500000E+001,-6.83496400000E+001,-7.29105100000E+001,-7.11295900000E+001,-7.33516200000E+001,-6.99621200000E+001,-7.11640500000E+001,-7.03538600000E+001,-7.21783100000E+001,-7.42428300000E+001,-7.04430500000E+001,-7.33202100000E+001,-7.67932300000E+001,-7.19111900000E+001,-7.55052200000E+001,-7.32314200000E+001,-7.16593500000E+001,-6.78295700000E+001,-6.63365800000E+001,-6.85594500000E+001,-7.09552400000E+001,-6.81302000000E+001,-6.84394300000E+001,-6.44281500000E+001,-6.05076500000E+001,-5.89275600000E+001,-5.73834600000E+001,-5.62828900000E+001,-5.61663600000E+001,-5.62858600000E+001,-5.74936800000E+001,-6.19600400000E+001,-7.68225600000E+001,-6.56711600000E+001,-6.17073300000E+001,-5.98377300000E+001,-5.88838900000E+001,-5.67268600000E+001,-5.69817900000E+001,-5.85827500000E+001,-5.97026600000E+001,-6.13041500000E+001,-6.24609600000E+001,-6.21788700000E+001,-6.25754800000E+001,-6.26727300000E+001,-6.04251300000E+001,-5.83400500000E+001,-5.85157500000E+001,-5.80838600000E+001,-5.77435200000E+001,-5.91056600000E+001,-6.24225600000E+001,-6.45755300000E+001,-6.81419600000E+001,-6.80427600000E+001,-6.79579400000E+001,-6.94389900000E+001,-7.23614300000E+001,-7.59120300000E+001,-8.07302800000E+001,-7.79208100000E+001,-7.10054600000E+001,-6.98360400000E+001,-7.80565000000E+001,-7.01941800000E+001,-7.26546200000E+001,-7.23716400000E+001,-7.13306600000E+001,-7.14750700000E+001,-7.45485200000E+001,-7.07654300000E+001,-6.82250600000E+001,-6.57834900000E+001,-7.26838500000E+001,-8.56688300000E+001,-1.00570300000E+002,-8.10224800000E+001,-7.11129000000E+001,-6.84721100000E+001,-6.97216300000E+001,-6.95511600000E+001,-7.03156200000E+001,-7.98424800000E+001,-7.81469100000E+001,-7.68283100000E+001,-7.81654400000E+001,-7.43905800000E+001,-7.36126900000E+001,-7.44265100000E+001,-6.83360800000E+001,-6.72166100000E+001,-6.92019200000E+001
1 1 0 -7.16836600000E+001,-7.41129600000E+001,-7.94616200000E+001,-7.75368600000E+001,-7.24561100000E+001,-6.94402200000E+001,-7.00581200000E+001,-6.85159900000E+001,-7.07646000000E+001,-7.18921400000E+001,-7.41849500000E+001,-8.09930400000E+001,-7.51763800000E+001,-7.57350100000E+001,-7.44448500000E+001,-7.47576500000E+001,-6.91100200000E+001,-6.17224200000E+001,-5.85783600000E+001,-5.89812800000E+001,-5.94020800000E+001,-5.86406800000E+001,-5.57871900000E+001,-5.38781700000E+001,-5.39139300000E+001,-5.42817100000E+001,-5.67775600000E+001,-6.36301100000E+001,-7.22408500000E+001,-7.89238700000E+001,-7.50410600000E+001,-7.31119800000E+001,-7.08829300000E+001,-6.62542600000E+001,-6.17265900000E+001,-6.07327000000E+001,-6.05952500000E+001,-6.12841500000E+001,-6.34608500000E+001,-6.95855200000E+001,-7.17978400000E+001,-7.05122600000E+001,-7.29702200000E+001,-7.44531900000E+001,-7.12922400000E+001,-6.81255300000E+001,-7.14900400000E+001,-6.99818000000E+001,-7.51445400000E+001,-7.62739300000E+001,-7.10934200000E+001,-7.01871200000E+001,-6.62216800000E+001,-6.31997500000E+001,-5.98990000000E+001,-5.72682300000E+001,-5.58520800000E+001,-5.59225000000E+001,-5.58477300000E+001,-5.64676900000E+001,-5.65242700000E+001,-5.69615600000E+001,-5.77795200000E+001,-6.04177200000E+001,-5.91297300000E+001,-5.66481200000E+001,-5.51592300000E+001,-5.53591000000E+001,-5.64883700000E+001,-5.73698000000E+001,-5.84788000000E+001,-5.95473300000E+001,-6.36986200000E+001,-6.33631800000E+001,-6.10406000000E+001,-6.10350100000E+001,-6.17767900000E+001,-6.30726400000E+001,-6.42262300000E+001,-6.20223500000E+001,-5.92623400000E+001,-5.84111700000E+001,-6.04681100000E+001,-6.32103500000E+001,-6.18650000000E+001,-6.15215000000E+001,-6.19810200000E+001,-6.14106300000E+001,-6.31201200000E+001,-6.54752300000E+001,-7.11669500000E+001,-7.68965100000E+001,-7.34098500000E+001,-7.63631700000E+001,-7.03284500000E+001,-6.47396000000E+001,-6.62943800000E+001,-6.63634700000E+001,-6.66714900000E+001,-6.71784200000E+001,-6.74469500000E+001,-6.76419100000E+001,-7.72091100000E+001,-7.25655700000E+001,-7.22693600000E+001,-7.29195400000E+001,-7.59558600000E+001,-7.83894200000E+001,-7.09928200000E+001,-6.87372100000E+001,-7.13857900000E+001,-7.37379500000E+001,-7.19852400000E+001,-6.97364700000E+001,-6.96991900000E+001,-6.89199800000E+001,-7.07826700000E+001,-6.99094700000E+001,-7.36391100000E+001,-7.54451500000E+001,-7.49696900000E+001,-7.51027800000E+001,-7.29337200000E+001,-7.07204900000E+001,-7.10897800000E+001,-6.67026100000E+001,-6.51948100000E+001,-6.90361600000E+001,-6.99931900000E+001,-6.89201400000E+001,-6.81650500000E+001,-6.41819200000E+001,-6.02848900000E+001,-5.88506700000E+001,-5.71263800000E+001,-5.62043000000E+001,-5.59397800000E+001,-5.61819900000E+001,-5.77440900000E+001,-6.19544900000E+001,-8.06203900000E+001,-6.55190800000E+001,-6.13079000000E+001,-6.01328700000E+001,-5.85175600000E+001,-5.62962700000E+001,-5.71166800000E+001,-5.87734500000E+001,-6.03751500000E+001,-6.11930500000E+001,-6.21653700000E+001,-6.27888000000E+001,-6.34247600000E+001,-6.27336500000E+001,-5.95903500000E+001,-5.87378800000E+001,-5.83529100000E+001,-5.84186100000E+001,-5.81855300000E+001,-5.84961700000E+001,-6.21250500000E+001,-6.55287300000E+001,-6.66505300000E+001,-6.78707100000E+001,-6.80523000000E+001,-7.01898500000E+001,-7.25293800000E+001,-8.16501500000E+001,-8.70057100000E+001,-7.41340700000E+001,-7.03665200000E+001,-7.06043500000E+001,-7.88526200000E+001,-7.02944900000E+001,-7.14863600000E+001,-7.40272100000E+001,-6.90167500000E+001,-7.30343600000E+001,-7.20729100000E+001,-7.09053800000E+001,-6.73432800000E+001,-6.63350300000E+001,-7.25183200000E+001,-7.98160400000E+001,-8.40673500000E+001,-7.85427000000E+001,-7.00868000000E+001,-6.91885800000E+001,-7.09310600000E+001,-6.75397000000E+001,-7.03588600000E+001,-7.78311200000E+001,-8.60501600000E+001,-7.87860100000E+001,-7.65335400000E+001,-7.80145500000E+001,-7.61589600000E+001,-7.11838500000E+001,-6.81370200000E+001,-6.69438900000E+001,-6.89714900000E+001
0 0 1 -7.27319800000E+001,-7.09132600000E+001,-7.66090800000E+001,-7.63293700000E+001,-7.38135600000E+001,-7.16181000000E+001,-6.93185000000E+001,-7.01621700000E+001,-6.99984500000E+001,-7.14557700000E+001,-7.47634700000E+001,-7.70143700000E+001,-7.65693500000E+001,-7.46810100000E+001,-7.33830600000E+001,-7.38165900000E+001,-6.75212000000E+001,-6.09323900000E+001,-5.82497700000E+001,-5.87300600000E+001,-5.90533600000E+001,-5.81679500000E+001,-5.60306500000E+001,-5.39502600000E+001,-5.36563700000E+001,-5.38719500000E+001,-5.67642600000E+001,-6.48068900000E+001,-7.47935300000E+001,-7.92203100000E+001,-7.57179200000E+001,-7.36660500000E+001,-7.01731200000E+001,-6.54630700000E+001,-6.22394800000E+001,-6.14119600000E+001,-6.08409800000E+001,-6.15180100000E+001,-6.31731200000E+001,-6.86825900000E+001,-7.56088600000E+001,-7.38814100000E+001,-7.13482500000E+001,-7.26019700000E+001,-7.12243600000E+001,-6.96975600000E+001,-6.90875200000E+001,-6.89282600000E+001,-7.28114400000E+001,-7.37663800000E+001,-7.32766800000E+001,-7.07838700000E+001,-6.66491700000E+001,-6.34413800000E+001,-6.00690700000E+001,-5.75419300000E+001,-5.59482700000E+001,-5.59160000000E+001,-5.60016300000E+001,-5.64369600000E+001,-5.63776900000E+001,-5.68625900000E+001,-5.79713400000E+001,-6.03019800000E+001,-5.90566600000E+001,-5.60225200000E+001,-5.49456500000E+001,-5.52735500000E+001,-5.69503700000E+001,-5.77908600000E+001,-5.88369900000E+001,-5.95940700000E+001,-6.36760200000E+001,-6.31717900000E+001,-6.08401900000E+001,-6.08783800000E+001,-6.23612800000E+001,-6.24862400000E+001,-6.36490900000E+001,-6.31516000000E+001,-5.83052400000E+001,-5.85301100000E+001,-6.04065600000E+001,-6.21117200000E+001,-6.25034800000E+001,-6.13535300000E+001,-6.14646000000E+001,-6.20821500000E+001,-6.30111700000E+001,-6.43381300000E+001,-7.03007000000E+001,-7.57655200000E+001,-7.48568100000E+001,-7.39649500000E+001,-7.01382400000E+001,-6.41489300000E+001,-6.50590800000E+001,-6.63151400000E+001,-6.61920900000E+001,-6.64038800000E+001,-6.76585900000E+001,-6.86545400000E+001,-7.55392700000E+001,-7.36050800000E+001,-7.01825800000E+001,-6.99973400000E+001,-7.53177300000E+001,-7.47621200000E+001,-7.19289900000E+001,-6.88084100000E+001,-7.12412600000E+001,-7.29844400000E+001,-7.16705500000E+001,-6.96533700000E+001,-6.97380800000E+001,-7.10535400000E+001,-7.11007300000E+001,-7.20947100000E+001,-7.28294700000E+001,-7.45645400000E+001,-7.43500900000E+001,-7.43243600000E+001,-7.29543800000E+001,-7.10781100000E+001,-7.18558600000E+001,-6.64677400000E+001,-6.51399800000E+001,-6.86459400000E+001,-7.12701000000E+001,-6.89769800000E+001,-6.88321900000E+001,-6.52642000000E+001,-6.09724200000E+001,-5.85030700000E+001,-5.67453700000E+001,-5.63445700000E+001,-5.60405100000E+001,-5.62009300000E+001,-5.69823900000E+001,-6.16249200000E+001,-7.82618900000E+001,-6.42422200000E+001,-6.12171300000E+001,-6.00572200000E+001,-5.89604700000E+001,-5.63362600000E+001,-5.68325700000E+001,-5.88483700000E+001,-6.01721500000E+001,-6.13485300000E+001,-6.22153900000E+001,-6.23595200000E+001,-6.40545800000E+001,-6.20352500000E+001,-6.00188800000E+001,-5.85283900000E+001,-5.87298800000E+001,-5.81335100000E+001,-5.79585600000E+001,-5.91386100000E+001,-6.21693400000E+001,-6.48195500000E+001,-6.79396800000E+001,-6.74336300000E+001,-6.74123500000E+001,-6.97232200000E+001,-7.21080800000E+001,-7.89939100000E+001,-8.38060600000E+001,-7.65449700000E+001,-7.13246200000E+001,-6.98608600000E+001,-8.23326000000E+001,-7.36607700000E+001,-7.38141300000E+001,-7.32308000000E+001,-7.11003200000E+001,-7.16278400000E+001,-7.44340800000E+001,-7.01219600000E+001,-6.60263700000E+001,-6.64003100000E+001,-7.24886900000E+001,-7.92556900000E+001,-8.54644500000E+001,-8.51602300000E+001,-7.25009600000E+001,-7.08112300000E+001,-6.91470600000E+001,-6.86347200000E+001,-6.89707300000E+001,-7.43410000000E+001,-8.34640500000E+001,-7.95638000000E+001,-7.58576800000E+001,-7.51399200000E+001,-7.51176300000E+001,-7.20970600000E+001,-6.76615600000E+001,-6.64876700000E+001,-6.83157000000E+001
1 0 1 -7.46962700000E+001,-7.52626300000E+001,-7.89230000000E+001,-7.52606700000E+001,-7.42428400000E+001,-7.07749600000E+001,-6.92511100000E+001,-7.00382400000E+001,-6.83853700000E+001,-6.95819500000E+001,-7.70390500000E+001,-8.42092700000E+001,-7.64013200000E+001,-7.70507900000E+001,-7.53601500000E+001,-7.22945400000E+001,-6.82559300000E+001,-6.20397800000E+001,-5.84898900000E+001,-5.89470900000E+001,-5.90574100000E+001,-5.85950200000E+001,-5.58572100000E+001,-5.41248800000E+001,-5.38189500000E+001,-5.40897300000E+001,-5.64371100000E+001,-6.31564300000E+001,-7.32909800000E+001,-7.55547600000E+001,-7.71456800000E+001,-7.22179500000E+001,-6.91458900000E+001,-6.40064500000E+001,-6.19255900000E+001,-6.01720500000E+001,-6.10264500000E+001,-6.16505400000E+001,-6.35167000000E+001,-6.89817400000E+001,-7.24402100000E+001,-7.07012000000E+001,-7.18559300000E+001,-7.28062500000E+001,-7.09930000000E+001,-6.94770400000E+001,-7.09297500000E+001,-7.08228500000E+001,-7.35407200000E+001,-7.78462300000E+001,-7.15060900000E+001,-6.97080800000E+001,-6.60729300000E+001,-6.24933800000E+001,-6.07793900000E+001,-5.71763900000E+001,-5.59107600000E+001,-5.56679600000E+001,-5.62744300000E+001,-5.63778500000E+001,-5.62188800000E+001,-5.67796300000E+001,-5.81713800000E+001,-6.00453100000E+001,-5.89972000000E+001,-5.64314300000E+001,-5.51634700000E+001,-5.52952700000E+001,-5.62033100000E+001,-5.83902500000E+001,-5.87595900000E+001,-5.99285600000E+001,-6.35755800000E+001,-6.34057600000E+001,-6.12446800000E+001,-6.06517000000E+001,-6.16118300000E+001,-6.33232200000E+001,-6.34552200000E+001,-6.24482000000E+001,-5.89418900000E+001,-5.86383400000E+001,-6.02636500000E+001,-6.26307100000E+001,-6.25246400000E+001,-6.16915900000E+001,-6.13667900000E+001,-6.12613300000E+001,-6.31301100000E+001,-6.52674500000E+001,-7.12062800000E+001,-7.52615300000E+001,-7.30808600000E+001,-7.50006800000E+001,-7.06588600000E+001,-6.42666900000E+001,-6.52013200000E+001,-6.68363300000E+001,-6.72549000000E+001,-6.78629600000E+001,-6.84921000000E+001,-6.86596200000E+001,-7.26678200000E+001,-7.12330700000E+001,-7.22443400000E+001,-7.32692300000E+001,-7.59429900000E+001,-7.92805500000E+001,-7.11768700000E+001,-6.87328300000E+001,-7.33668100000E+001,-7.12204600000E+001,-7.26357100000E+001,-7.02258800000E+001,-6.93547200000E+001,-6.90965100000E+001,-7.18135100000E+001,-7.31793400000E+001,-7.16804300000E+001,-7.41678700000E+001,-7.41312100000E+001,-7.68815600000E+001,-7.31703100000E+001,-7.13052400000E+001,-7.05069400000E+001,-6.68998200000E+001,-6.68395300000E+001,-7.06109400000E+001,-7.14508100000E+001,-7.01642900000E+001,-6.77187300000E+001,-6.49172000000E+001,-6.06200800000E+001,-5.88791900000E+001,-5.68178300000E+001,-5.59901900000E+001,-5.58950000000E+001,-5.58331000000E+001,-5.78607300000E+001,-6.20122000000E+001,-7.60281400000E+001,-6.64177200000E+001,-6.19901700000E+001,-5.95385600000E+001,-5.89426700000E+001,-5.67604700000E+001,-5.66879700000E+001,-5.85040700000E+001,-6.00613400000E+001,-6.15478000000E+001,-6.23402700000E+001,-6.32201200000E+001,-6.28243100000E+001,-6.30608300000E+001,-5.96978200000E+001,-5.89963600000E+001,-5.85911100000E+001,-5.79749000000E+001,-5.80936500000E+001,-5.90257900000E+001,-6.19526600000E+001,-6.44284400000E+001,-6.83836700000E+001,-6.93340600000E+001,-6.80121200000E+001,-6.97499200000E+001,-7.28229300000E+001,-7.89598300000E+001,-8.46192400000E+001,-7.63062100000E+001,-6.94998300000E+001,-7.15162400000E+001,-8.12882600000E+001,-7.36666800000E+001,-7.36118200000E+001,-7.17554100000E+001,-7.00827600000E+001,-7.26239500000E+001,-7.16333200000E+001,-7.04013800000E+001,-6.66508800000E+001,-6.66196700000E+001,-7.70986600000E+001,-8.00755100000E+001,-8.65003200000E+001,-7.74512400000E+001,-6.99298500000E+001,-6.87736700000E+001,-7.04411200000E+001,-6.77392400000E+001,-7.08842200000E+001,-7.82304200000E+001,-7.94419500000E+001,-7.96783800000E+001,-7.59977300000E+001,-7.67032400000E+001,-7.44567900000E+001,-7.20405700000E+001,-6.81061300000E+001,-6.68208500000E+001,-6.71774200000E+001
0 1 1 -7.08682800000E+001,-7.34144500000E+001,-7.74538900000E+001,-7.76682900000E+001,-7.25417300000E+001,-6.96104800000E+001,-6.84797500000E+001,-6.92921800000E+001,-6.76235400000E+001,-7.24963300000E+001,-7.21812300000E+001,-7.99857100000E+001,-7.68022800000E+001,-7.58470400000E+001,-7.46519300000E+001,-7.09148400000E+001,-6.91642900000E+001,-6.15926800000E+001,-5.83490400000E+001,-5.88910400000E+001,-5.95974200000E+001,-5.83352500000E+001,-5.58356900000E+001,-5.40652300000E+001,-5.36655400000E+001,-5.40200500000E+001,-5.62797400000E+001,-6.32407600000E+001,-7.53021500000E+001,-7.72677300000E+001,-7.57546200000E+001,-7.76004500000E+001,-6.91359900000E+001,-6.55686600000E+001,-6.17941600000E+001,-6.08384000000E+001,-6.08433300000E+001,-6.23148000000E+001,-6.30087100000E+001,-7.17685700000E+001,-7.55519500000E+001,-7.07373800000E+001,-7.18657200000E+001,-7.29419200000E+001,-7.20684400000E+001,-7.18827600000E+001,-7.02244300000E+001,-7.03490400000E+001,-7.05847500000E+001,-7.46839400000E+001,-7.23536100000E+001,-6.89162000000E+001,-6.71923000000E+001,-6.30156700000E+001,-6.01408000000E+001,-5.73112600000E+001,-5.59184500000E+001,-5.56881600000E+001,-5.59606100000E+001,-5.67333700000E+001,-5.67869000000E+001,-5.72946500000E+001,-5.85080800000E+001,-5.97380700000E+001,-5.94157900000E+001,-5.65432700000E+001,-5.51638100000E+001,-5.55183700000E+001,-5.63031100000E+001,-5.74455800000E+001,-5.88038600000E+001,-5.95932300000E+001,-6.34025500000E+001,-6.31271600000E+001,-6.11180200000E+001,-6.10137200000E+001,-6.20685600000E+001,-6.26408500000E+001,-6.41528300000E+001,-6.33677000000E+001,-5.88917400000E+001,-5.88049100000E+001,-6.03353000000E+001,-6.23433900000E+001,-6.20934100000E+001,-6.18459300000E+001,-6.08455800000E+001,-6.18957700000E+001,-6.33559900000E+001,-6.59855000000E+001,-6.86574700000E+001,-7.91939200000E+001,-7.58090900000E+001,-7.46856200000E+001,-6.97252100000E+001,-6.47414800000E+001,-6.63674000000E+001,-6.70629000000E+001,-6.74155500000E+001,-6.68166000000E+001,-6.80629600000E+001,-6.79776200000E+001,-7.40625300000E+001,-7.45329800000E+001,-7.31609600000E+001,-7.10074100000E+001,-7.90369900000E+001,-7.50934400000E+001,-7.26004900000E+001,-6.81371600000E+001,-7.12932400000E+001,-7.58292700000E+001,-7.32580600000E+001,-7.19808900000E+001,-6.92266000000E+001,-7.02354300000E+001,-7.11925100000E+001,-7.37677800000E+001,-7.28215600000E+001,-7.50528900000E+001,-7.38960500000E+001,-7.32045100000E+001,-7.33902200000E+001,-7.12838500000E+001,-6.86335100000E+001,-6.74339500000E+001,-6.61366400000E+001,-6.73461100000E+001,-7.13445900000E+001,-7.11136900000E+001,-6.73161800000E+001,-6.50541200000E+001,-6.08687300000E+001,-5.88569800000E+001,-5.70054800000E+001,-5.65260700000E+001,-5.63193200000E+001,-5.59852800000E+001,-5.74012400000E+001,-6.27801500000E+001,-7.61654500000E+001,-6.55520000000E+001,-6.19378100000E+001,-6.00493900000E+001,-5.90291200000E+001,-5.69048400000E+001,-5.69369400000E+001,-5.84719100000E+001,-5.96909400000E+001,-6.05621400000E+001,-6.17445000000E+001,-6.18666500000E+001,-6.32762600000E+001,-6.31898400000E+001,-5.96208900000E+001,-5.90229000000E+001,-5.81774100000E+001,-5.85358200000E+001,-5.79639800000E+001,-5.89560700000E+001,-6.23703700000E+001,-6.46362200000E+001,-6.77219500000E+001,-6.74119100000E+001,-6.69395100000E+001,-7.06526000000E+001,-7.13055300000E+001,-8.14126400000E+001,-9.08913200000E+001,-8.11959000000E+001,-7.41717100000E+001,-7.11915100000E+001,-8.23503300000E+001,-7.12618100000E+001,-7.28573300000E+001,-7.26104000000E+001,-7.03263200000E+001,-7.19232500000E+001,-7.53033900000E+001,-7.00396300000E+001,-6.66100800000E+001,-6.45044500000E+001,-7.33732800000E+001,-8.06681900000E+001,-8.76354400000E+001,-8.03347800000E+001,-6.93236600000E+001,-7.15209100000E+001,-7.20016000000E+001,-6.85515800000E+001,-7.13573100000E+001,-7.74841500000E+001,-7.79671500000E+001,-7.86978300000E+001,-7.47343300000E+001,-7.59021800000E+001,-7.44830900000E+001,-7.09947600000E+001,-6.87363900000E+001,-6.78176500000E+001,-6.86225100000E+001
1 1 1 -7.28518800000E+001,-7.73534900000E+001,-7.47877300000E+001,-7.91090300000E+001,-7.29454800000E+001,-7.10107800000E+001,-6.88783800000E+001,-6.90299800000E+001,-6.88271800000E+001,-7.13426400000E+001,-7.33470400000E+001,-7.73563400000E+001,-7.74301800000E+001,-7.52850300000E+001,-7.40729100000E+001,-7.29042300000E+001,-6.80030900000E+001,-6.20912800000E+001,-5.84427000000E+001,-5.87191500000E+001,-5.87950700000E+001,-5.83769500000E+001,-5.60901800000E+001,-5.41796500000E+001,-5.35775900000E+001,-5.40997900000E+001,-5.64883800000E+001,-6.43979300000E+001,-7.41355800000E+001,-7.77376000000E+001,-7.58500300000E+001,-7.35274900000E+001,-6.80018800000E+001,-6.47465100000E+001,-6.21418900000E+001,-6.09149900000E+001,-6.06750600000E+001,-6.17375400000E+001,-6.29875600000E+001,-6.88151400000E+001,-7.29556400000E+001,-7.43943500000E+001,-7.25915800000E+001,-7.61489600000E+001,-7.15577900000E+001,-7.09292100000E+001,-6.91389500000E+001,-7.09050100000E+001,-7.50409200000E+001,-7.42385900000E+001,-7.37696800000E+001,-6.94290200000E+001,-6.79140600000E+001,-6.29596300000E+001,-5.99324600000E+001,-5.72651100000E+001,-5.57946500000E+001,-5.58661000000E+001,-5.61887300000E+001,-5.66974500000E+001,-5.60698900000E+001,-5.72509800000E+001,-5.83248600000E+001,-6.04040600000E+001,-5.96758000000E+001,-5.67265200000E+001,-5.53624900000E+001,-5.54125200000E+001,-5.61037100000E+001,-5.75995800000E+001,-5.88298500000E+001,-5.94935600000E+001,-6.38813400000E+001,-6.28391600000E+001,-6.07061300000E+001,-6.16047400000E+001,-6.21590300000E+001,-6.34697400000E+001,-6.31369400000E+001,-6.31738400000E+001,-5.89241400000E+001,-5.85417000000E+001,-6.04096200000E+001,-6.23033000000E+001,-6.26358900000E+001,-6.15421000000E+001,-6.06924200000E+001,-6.18378600000E+001,-6.28851100000E+001,-6.62379500000E+001,-6.79648100000E+001,-8.11245800000E+001,-7.59384700000E+001,-7.78121300000E+001,-7.11236400000E+001,-6.48095000000E+001,-6.50875500000E+001,-6.60849200000E+001,-6.56848000000E+001,-6.77500800000E+001,-6.92471000000E+001,-6.82947600000E+001,-7.52769500000E+001,-7.15572100000E+001,-6.97282600000E+001,-7.20758700000E+001,-7.74121500000E+001,-7.42675200000E+001,-7.07107800000E+001,-6.85465600000E+001,-7.25552700000E+001,-7.35065500000E+001,-7.16218500000E+001,-7.07485400000E+001,-7.06291800000E+001,-7.15090300000E+001,-7.05511900000E+001,-7.33601700000E+001,-7.25624800000E+001,-7.56799400000E+001,-7.47321700000E+001,-7.53320500000E+001,-7.24297700000E+001,-7.12601100000E+001,-7.01174400000E+001,-6.75740700000E+001,-6.54929500000E+001,-6.79758500000E+001,-6.96872100000E+001,-7.07165800000E+001,-6.95105400000E+001,-6.52181200000E+001,-6.05656100000E+001,-5.85472700000E+001,-5.69307600000E+001,-5.62098800000E+001,-5.60571700000E+001,-5.60960200000E+001,-5.78266600000E+001,-6.23253000000E+001,-7.59586300000E+001,-6.63219100000E+001,-6.17049000000E+001,-5.93542100000E+001,-5.88742500000E+001,-5.65564100000E+001,-5.67085300000E+001,-5.84640700000E+001,-5.98706900000E+001,-6.08082600000E+001,-6.26278100000E+001,-6.28811900000E+001,-6.39126400000E+001,-6.20817100000E+001,-5.96928100000E+001,-5.85436500000E+001,-5.85798500000E+001,-5.81770500000E+001,-5.77217900000E+001,-5.87327700000E+001,-6.20181600000E+001,-6.54507500000E+001,-6.81998900000E+001,-6.79963400000E+001,-6.72748500000E+001,-7.32244900000E+001,-7.43856500000E+001,-7.89503200000E+001,-8.62971600000E+001,-7.43790100000E+001,-7.14754500000E+001,-7.14795700000E+001,-7.97709400000E+001,-7.38394900000E+001,-7.21549800000E+001,-7.36413400000E+001,-7.21175100000E+001,-6.97450300000E+001,-7.54918100000E+001,-6.97573100000E+001,-6.68145200000E+001,-6.52951000000E+001,-7.20159900000E+001,-8.36010000000E+001,-8.67364200000E+001,-8.00139600000E+001,-6.98540000000E+001,-6.88879300000E+001,-6.94026500000E+001,-6.73040300000E+001,-7.12448200000E+001,-7.51322000000E+001,-7.85014800000E+001,-7.48418200000E+001,-7.55096100000E+001,-7.36811100000E+001,-7.24558300000E+001,-7.21098900000E+001,-6.83901700000E+001,-6.66413400000E+001,-6.79862500000E+001
